site lat lon P Q P-Q Q/P (P-Q)/P 
2246000.0 30.1133 -81.90649 0.4544458255979049 -0.9372945152956789 2.016603351090703 -1.533754661392929 1.533754661392929
12390700.0 47.58605 -115.35515 -1.5905603895926672 -0.11361145639947623 -1.7609775741918814 0.6816687383968574 -0.6816687383968574
8104900.0 30.62575 -97.69112 0.2840286409986906 -0.6532658742969882 1.022503107595286 -1.1645174280946313 1.1645174280946313
1170100.0 42.70342 -72.67065 1.3633374767937148 2.073409079290441 -1.4769489331931909 2.6982720894875603 -2.6982720894875603
1568000.0 40.32342 -77.16887 1.50535179729306 1.022503107595286 1.1645174280946313 0.4544458255979049 -0.4544458255979049
2235200.0 28.87453 -81.48938 0.0 2.3148334241393282 -2.3148334241393282 2.3148334241393282 -2.3148334241393282
14316700.0 43.34984 -122.72894 -0.7952801947963336 -0.3124315050985596 -0.9656973793955479 0.0 0.0
1030500.0 45.50097 -68.30596 2.2722291279895246 1.7893804382917504 0.5680572819973811 0.9372945152956789 -0.9372945152956789
1594950.0 39.27669 -79.39031 0.4895215382447742 0.5814999169501999 -0.5814999169501999 0.5439837932759934 -0.5439837932759934
5131500.0 48.39578 -93.54933 -1.4485460690933218 -0.6248630101971192 -1.022503107595286 0.0 0.0
4233000.0 42.39313 -76.54494 1.8438351100171995 1.8438351100171995 0.015494412689220163 1.5339468562327963 -1.5339468562327963
14301000.0 45.704 -123.7554 -0.8520859229960717 0.3124315050985596 -2.7834806817871676 2.3858405843890007 -2.3858405843890007
4059500.0 45.75552 -87.20152 -1.1645174280946313 -2.471049176688608 1.3065317485939765 -2.613063497187953 2.613063497187953
3285000.0 37.64202 -84.66078 0.25562291279259464 -0.25562291279259464 0.8236738301094716 -1.0508941970362224 0.1136101834633754
14185000.0 44.39179 -122.49758 -1.4485460690933218 0.028402864099869057 -3.550358012483632 3.379940827884418 -3.379940827884418
3078000.0 39.70219 -79.13639 0.9372945152956789 0.48284868969777395 1.1645174280946313 -0.22722291279895246 0.22722291279895246
2469800.0 31.74432 -88.02251 -0.6532658742969882 -0.6532658742969882 -0.3408343691984287 -0.5964601460972502 0.5964601460972502
1547700.0 41.05951 -77.60583 0.7668773306964645 -0.3692372332982977 1.4769489331931909 -0.511251553797643 0.511251553797643
2070000.0 36.56819 -79.98726 0.3408343691984287 -1.3349346126938457 2.10181194339031 -1.9313947587910958 1.9313947587910958
2011400.0 38.04235 -79.88144 -0.3692372332982977 -0.8804887870959407 0.3124315050985596 -0.5680572819973811 0.5680572819973811
3161000.0 36.39333 -81.40694 -0.028402864099869057 -0.08520859229960717 -0.42604296149803583 0.5396544178975121 -0.5396544178975121
4124000.0 44.43639 -85.69868 0.5396544178975121 -0.42604296149803583 1.3917403408935838 -1.1645174280946313 1.1645174280946313
6888500.0 39.06265 -96.15025 0.5396544178975121 -1.1361145639947623 2.7550778176872983 -1.8745890305913577 1.8745890305913577
1550000.0 41.41841 -77.03275 1.3917403408935838 0.8520859229960717 1.6473661177924053 -0.1420143204993453 0.1420143204993453
6450500.0 43.60139 -100.74986 -0.2556257768988215 1.50535179729306 -0.4544458255979049 2.130214807490179 -2.130214807490179
14137000.0 45.39956 -122.13731 0.0 0.7952801947963336 -1.1929202921945004 0.9941002434954169 -0.9941002434954169
12375900.0 47.4916 -114.02677 0.4667537509360906 0.759226221771788 -0.7902150471502283 0.7902150471502283 -0.7902150471502283
11151300.0 36.26802 -121.0663 -1.5905603895926672 -0.7384744665965954 -1.6757689818922743 -0.028402864099869057 0.028402864099869057
2128000.0 35.38722 -79.83139 -0.9656973793955479 -2.016603351090703 1.1077116998948933 -1.9029918946912268 1.9029918946912268
14096850.0 44.95873 -121.39423 0.0 0.16216453127415398 -0.16216453127415398 0.16216453127415398 -0.16216453127415398
7340300.0 34.37955 -94.23576 -0.17041718459921434 -1.4201432049934528 1.0793088357950242 -1.7041718459921433 1.7041718459921433
5514500.0 39.0088 -90.97754 0.5680572819973811 0.1420143204993453 1.0793088357950242 -0.056805728199738115 0.056805728199738115
3460000.0 35.6675 -83.07361 0.0 0.6532658742969882 -2.2154233997897865 0.9372945152956789 -0.9372945152956789
9047700.0 39.59443 -105.97252 1.5621575254927982 -1.0793088357950242 2.471049176688608 -1.7609775741918814 1.7609775741918814
11383500.0 40.01405 -121.94832 -0.7952801947963336 -0.48284868969777395 -0.9941002434954169 0.5964601460972502 -0.5964601460972502
1435000.0 41.89009 -74.58988 2.3290087609991956 2.414216398596727 -1.5621400226214117 1.675750206084787 -2.613034219657634
6409000.0 44.01359 -103.83048 0.6816687383968574 0.7100716024967264 0.3408343691984287 0.8236830588962026 -0.8236830588962026
6479215.0 45.1808 -97.18619 0.7160246775690153 0.7818351804556831 -0.4079140071942694 0.7818351804556831 -0.4079140071942694
1583500.0 39.51078 -76.6765 1.7609775741918814 1.50535179729306 1.3633374767937148 0.8520859229960717 -0.8520859229960717
13018300.0 43.45215 -110.70409 -0.17041718459921434 -0.9656973793955479 0.17041718459921434 -0.8236830588962026 0.8236830588962026
12095000.0 47.13955 -122.09261 0.40919660368228405 1.3829563644637992 -1.3829563644637992 1.3829563644637992 -1.3829563644637992
11528700.0 40.64986 -123.4942 -0.6248630101971192 -0.6816687383968574 -1.3633374767937148 0.028402864099869057 -0.028402864099869057
1487000.0 38.72833 -75.56186 1.3633374767937148 1.2781288844941074 -0.2556257768988215 1.533754661392929 -1.533754661392929
1667500.0 38.35041 -77.975 -0.22722291279895246 0.08520859229960717 0.17041718459921434 -0.3124315050985596 0.3124315050985596
11522500.0 41.37763 -123.47756 -0.7952801947963336 -0.3124315050985596 -1.2213231562943694 1.022503107595286 -1.022503107595286
1548500.0 41.52174 -77.44748 2.2154233997897865 1.1077116998948933 2.8970921381866437 -0.3408343691984287 0.3408343691984287
10396000.0 42.79083 -118.8675 -3.8627895175821916 -1.022503107595286 -4.0048038380815365 2.6982720894875603 -2.6982720894875603
5454000.0 41.70002 -91.48767 0.2840286409986906 0.5964601460972502 0.0 1.1077116998948933 -1.1077116998948933
3164000.0 36.64735 -80.97897 -0.056805728199738115 -0.08520859229960717 -0.3124315050985596 -0.028402864099869057 0.028402864099869057
11274630.0 37.4866 -121.2091 -0.3692372332982977 -0.48284868969777395 -0.2556257768988215 -0.5396544178975121 0.5396544178975121
3500000.0 35.15 -83.37972 -0.9656973793955479 0.3124315050985596 -1.9029918946912268 1.0793088357950242 -1.0793088357950242
6934000.0 38.38881 -91.81989 0.0 0.24385480388234188 -0.24385480388234188 0.24385480388234188 -0.24385480388234188
8164600.0 28.89138 -96.81915 -0.42604296149803583 -1.022503107595286 0.22722291279895246 -1.3349346126938457 1.3349346126938457
2140991.0 35.83361 -81.71194 0.6086326215539666 0.30329752705952684 -0.30329752705952684 0.30329752705952684 -0.30329752705952684
12010000.0 46.37399 -123.74348 -1.7041718459921433 0.17041718459921434 -3.521955148383763 3.578760876583501 -3.578760876583501
8198500.0 29.31431 -99.48047 -0.6816687383968574 -1.6757689818922743 -0.511251553797643 -1.6189632536925362 1.6189632536925362
1466500.0 39.885 -74.50528 2.045006215190572 0.6816687383968574 1.9313947587910958 -0.3976400973981668 0.3976400973981668
6447000.0 43.7525 -101.52487 0.17041718459921434 0.4544458255979049 0.11361145639947623 0.7384744665965954 -0.7384744665965954
10244950.0 39.20154 -114.68916 -2.016603351090703 -1.6189632536925362 -0.8804887870959407 -0.6248630101971192 0.6248630101971192
2111180.0 36.07139 -81.40306 0.08520859229960717 -0.6532658742969882 0.9941002434954169 -0.7952801947963336 0.7952801947963336
11266500.0 37.71687 -119.66628 0.0 -0.1988200486990834 0.0 0.0 0.0
6188000.0 44.92772 -110.39381 0.0 0.8385284571645741 -0.8385284571645741 0.8385284571645741 -0.8385284571645741
6921070.0 37.68265 -93.37033 1.7609775741918814 -0.4544458255979049 3.2379265073850725 -1.50535179729306 1.50535179729306
2369800.0 31.02768 -86.70996 -0.22722291279895246 -0.7668773306964645 0.08520859229960717 -0.511251553797643 0.511251553797643
13337000.0 46.15083 -115.58722 -1.2213231562943694 0.028402864099869057 -1.3065317485939765 0.8804887870959407 -0.8804887870959407
1054200.0 44.39044 -70.97964 2.8402864099869056 1.5905603895926672 1.5621575254927982 -0.056805728199738115 0.056805728199738115
2096846.0 35.98722 -79.20611 0.0 -2.585016835195516 2.585016835195516 -2.585016835195516 2.585016835195516
6406000.0 43.82805 -103.19602 0.9656973793955479 1.4485460690933218 0.7952801947963336 1.3917403408935838 -1.3917403408935838
9107000.0 38.86027 -106.5667 0.0 0.4741564678161598 -0.4741564678161598 0.4741564678161598 -0.4741564678161598
1162500.0 42.68259 -72.11508 0.7668773306964645 1.4485460690933218 -0.5396544178975121 2.556257768988215 -2.556257768988215
9510200.0 33.69421 -111.5418 -2.556257768988215 -0.9372945152956789 -2.8402864099869056 -0.5964601460972502 0.5964601460972502
2384540.0 34.87202 -84.72133 0.0 -0.802846395157571 0.802846395157571 -0.802846395157571 0.802846395157571
14139800.0 45.44456 -122.10953 0.3692372332982977 1.7325747100920124 -1.9882004869908338 1.9313947587910958 -1.9313947587910958
7263295.0 34.8762 -92.77461 0.6410242211627138 0.1983739567600742 -0.1983739567600742 0.1983739567600742 -0.1983739567600742
12114500.0 47.34205 -121.54899 -0.6248630101971192 1.3349346126938457 -1.8177833023916197 1.5905603895926672 -1.5905603895926672
3180500.0 38.54373 -79.83312 -0.6374510629004005 -0.34096219643509795 -0.9339399293657031 0.57815328960734 -0.57815328960734
2427250.0 31.99626 -87.06832 0.6410242211627138 -0.9477866822981322 2.005781118351861 -0.9477866822981322 2.005781118351861
5508805.0 39.52046 -91.34275 -0.2840286409986906 -0.9088916511958098 0.7100716024967264 -0.6816687383968574 0.6816687383968574
7261000.0 35.2988 -92.40393 0.9372945152956789 -0.17041718459921434 2.016603351090703 -0.8520859229960717 0.8520859229960717
14308990.0 42.82318 -123.12589 0.6086326215539666 1.231031139241609 -1.231031139241609 1.231031139241609 -1.231031139241609
6622700.0 41.37024 -106.52058 2.2722291279895246 0.0 2.1586176715900485 -1.022503107595286 1.022503107595286
3338780.0 40.26531 -87.6428 0.7523986105718488 0.25016291953504993 0.7087949386826414 0.29185673945755825 0.7087949386826414
12082500.0 46.75261 -122.08372 -1.9313947587910958 1.3065317485939765 -4.544458255979049 4.402443935479703 -4.402443935479703
5495000.0 40.39241 -91.59788 -0.3408343691984287 -0.22722291279895246 -0.1420143204993453 -0.08520859229960717 0.08520859229960717
12186000.0 48.16872 -121.47067 -2.3006319920893934 0.2556257768988215 -3.2095236432852032 2.8686892740867744 -2.8686892740867744
8013000.0 30.99602 -92.67375 -0.7668773306964645 -2.073409079290441 2.8118835458870364 -2.3858405843890007 2.3858405843890007
14306340.0 44.2479 -123.63649 0.0 1.556779500231878 -1.556779500231878 1.556779500231878 -1.556779500231878
4056500.0 46.03053 -86.16125 1.6473661177924053 -1.3065317485939765 2.499452040788477 -2.8118835458870364 2.8118835458870364
12054000.0 47.68398 -123.01155 -1.3349346126938457 0.08520859229960717 -1.8745890305913577 1.9882004869908338 -1.9882004869908338
1606500.0 38.99122 -79.17587 0.028402864099869057 -0.3976400973981668 0.8804887870959407 -0.3692372332982977 0.3692372332982977
11143000.0 36.2458 -121.77329 -0.7952801947963336 -0.42604296149803583 -0.5680572819973811 0.9656973793955479 -0.9656973793955479
1415000.0 42.12009 -74.81849 2.21539857753582 1.7893603895481625 0.0 0.6532585549144085 -1.5905425684872554
3439000.0 35.14333 -82.82472 -1.3065317485939765 -0.11361145639947623 -2.6982720894875603 1.6757689818922743 -1.6757689818922743
3237500.0 38.80368 -83.42102 1.3349346126938457 0.6532658742969882 0.8804887870959407 0.7668773306964645 -0.7668773306964645
2014000.0 37.72901 -80.04228 -0.3124315050985596 -0.42604296149803583 0.8520859229960717 -0.6248630101971192 0.6248630101971192
13240000.0 44.91361 -115.99722 -2.130214807490179 -0.3124315050985596 -2.641466361287822 2.3574377202891315 -2.3574377202891315
2298123.0 27.052 -81.78453 -1.4201432049934528 1.3633374767937148 -2.7834806817871676 2.1870205356899173 -2.1870205356899173
1134500.0 44.51172 -71.83731 1.5621575254927982 1.7325747100920124 0.2840286409986906 1.1645174280946313 -1.1645174280946313
9035800.0 39.80054 -106.02641 2.1730047190736634 -1.394614968957724 3.827082938070034 -3.308156437992741 3.308156437992741
7196900.0 35.88008 -94.48661 -0.08520859229960717 -0.22722291279895246 0.8804887870959407 -0.4544458255979049 0.4544458255979049
7197000.0 35.9212 -94.83856 -0.4544458255979049 -0.9088916511958098 1.1929202921945004 -1.1645174280946313 1.1645174280946313
6903400.0 40.95189 -93.25985 -0.48284868969777395 0.4544458255979049 -1.9882004869908338 0.7100716024967264 -0.7100716024967264
6479438.0 45.00608 -97.16508 -0.1988200486990834 1.6189632536925362 -0.9088916511958098 2.045006215190572 -2.045006215190572
1350080.0 42.37703 -74.41292 0.11296650882571713 1.4256126996198448 -1.4256126996198448 1.4256126996198448 -1.4256126996198448
12167000.0 48.26149 -122.04764 -1.4485460690933218 0.08520859229960717 -2.2154233997897865 2.045006215190572 -2.045006215190572
12189500.0 48.42456 -121.56846 -2.556257768988215 1.2213231562943694 -3.493552284283894 3.6355666047832393 -3.6355666047832393
5087500.0 48.34109 -96.81812 0.9088916511958098 2.641466361287822 0.0 2.7550778176872983 -1.8745890305913577
3144000.0 40.13257 -82.14792 -0.2556257768988215 -0.3692372332982977 -0.028402864099869057 -0.4544458255979049 0.4544458255979049
6623800.0 41.02358 -106.82477 1.1361145639947623 0.4544458255979049 0.2840286409986906 0.48284868969777395 -0.48284868969777395
11230500.0 37.33939 -118.97345 -0.42604296149803583 -0.8804887870959407 0.42604296149803583 -0.9941002434954169 0.9941002434954169
8086290.0 32.64846 -99.00451 -0.08520859229960717 -0.9941002434954169 0.028402864099869057 -0.7952801947963336 0.7952801947963336
9035900.0 39.79582 -106.03057 1.3917403408935838 -0.08520859229960717 2.2154233997897865 -1.8461861664914887 1.8461861664914887
11274500.0 37.31549 -121.12521 -0.11361145639947623 -0.26982720894875606 0.2840286409986906 -0.26982720894875606 0.26982720894875606
12147500.0 47.71232 -121.78873 -0.6816687383968574 1.4201432049934528 -2.1586176715900485 2.130214807490179 -2.130214807490179
6847900.0 39.76985 -100.10078 0.2840286409986906 0.8520859229960717 0.3408343691984287 0.7952801947963336 -0.7952801947963336
2342933.0 32.01766 -85.29577 -0.12973162501932317 1.0378530001545854 -1.6216453127415398 1.1351517189190778 -1.1351517189190778
2149000.0 35.42345 -82.1115 0.9656973793955479 -1.1361145639947623 2.613063497187953 -2.2154233997897865 2.2154233997897865
12488500.0 46.97762 -121.1687 -0.056805728199738115 0.5964601460972502 -0.5680572819973811 0.9088916511958098 -0.9088916511958098
4213000.0 41.927 -80.60397 -0.3976400973981668 0.5396544178975121 -1.5905603895926672 1.1929202921945004 -1.1929202921945004
8086212.0 32.7329 -99.14063 -0.028402864099869057 -1.533754661392929 0.1420143204993453 -1.6189632536925362 1.6189632536925362
6431500.0 44.48248 -103.86159 0.9941002434954169 2.7550778176872983 -0.056805728199738115 2.613063497187953 -2.613063497187953
8164000.0 28.95998 -96.68637 -0.8804887870959407 -0.8520859229960717 -0.9088916511958098 -0.7100716024967264 0.7100716024967264
10259000.0 33.76002 -116.55002 -1.533754661392929 -2.9538978663863817 2.045006215190572 -2.613063497187953 2.613063497187953
5488200.0 41.30055 -93.04548 0.0 0.9812567051925868 -0.9812567051925868 0.9812567051925868 -0.9812567051925868
2055100.0 37.41763 -79.93532 0.3976400973981668 -0.5396544178975121 1.4201432049934528 -0.8804887870959407 0.8804887870959407
5291000.0 45.29163 -96.48756 1.022503107595286 1.7893804382917504 -0.08520859229960717 2.045006215190572 -2.045006215190572
5408000.0 43.57414 -90.64319 0.8236830588962026 -0.7100716024967264 1.2497260203942384 -1.5621575254927982 1.5621575254927982
3592718.0 34.83556 -88.28806 -0.40025996972815847 -1.0525354759518242 1.141482135891415 -1.2304287958310058 1.2304287958310058
12043000.0 47.96008 -124.39299 1.3633374767937148 2.8686892740867744 -0.9088916511958098 4.20362388678062 -1.022503107595286
13338500.0 46.08639 -115.97667 0.0 -0.7668773306964645 0.6248630101971192 -1.2781288844941074 1.2781288844941074
2430085.0 34.46667 -88.28361 -0.056805728199738115 -0.8520859229960717 0.7668773306964645 -1.1645174280946313 1.1645174280946313
2108000.0 34.82889 -77.83222 1.2213231562943694 -0.6248630101971192 1.9029918946912268 -1.1077116998948933 1.1077116998948933
10172800.0 40.49633 -112.5744 -1.3349346126938457 -0.3692372332982977 -1.5621575254927982 -0.17041718459921434 0.17041718459921434
14092750.0 44.75039 -121.6334 0.0 0.8212038725286687 -0.8212038725286687 0.8212038725286687 -0.8212038725286687
4216418.0 42.86395 -78.28363 1.4769489331931909 1.2497260203942384 1.1361145639947623 0.5396544178975121 -0.5396544178975121
11148900.0 35.78858 -121.09381 -0.9088916511958098 -0.3976400973981668 -0.5964601460972502 0.5680572819973811 -0.5680572819973811
6350000.0 46.42667 -102.55183 0.3408343691984287 -0.4544458255979049 -0.028402864099869057 -0.7100716024967264 0.7100716024967264
2349900.0 32.19556 -83.90222 0.7668773306964645 -0.6816687383968574 2.10181194339031 -1.3633374767937148 1.3633374767937148
9508300.0 34.16087 -111.69292 -2.8970921381866437 -0.8804887870959407 -3.8343866534823228 0.0 0.0
12388400.0 47.26632 -114.40679 0.0 0.8816289063438514 -0.8816289063438514 0.8816289063438514 -0.8816289063438514
12451000.0 48.32958 -120.69177 -3.1811207791853344 0.9372945152956789 -3.4083436919842867 3.3515379637845486 -3.3515379637845486
2314500.0 30.68056 -82.56056 -0.056805728199738115 -1.022503107595286 0.6816687383968574 -0.9088916511958098 0.9088916511958098
12035000.0 47.00065 -123.49488 -1.050905971695155 0.4544458255979049 -3.3231350996846793 3.379940827884418 -3.379940827884418
5123400.0 48.58889 -100.44208 1.8177833023916197 1.8177833023916197 1.4201432049934528 1.8461861664914887 -1.8461861664914887
8324000.0 35.66169 -106.74337 -3.3231350996846793 -3.2095236432852032 -2.7834806817871676 -2.10181194339031 2.10181194339031
7180500.0 38.19645 -96.82458 1.6473661177924053 0.4544458255979049 1.8177833023916197 0.08520859229960717 -0.08520859229960717
1634500.0 39.08122 -78.32945 0.9656973793955479 -0.5680572819973811 1.9029918946912268 -1.0793088357950242 1.0793088357950242
10205030.0 38.91191 -111.53047 -2.8970921381866437 -2.1586176715900485 -2.6982720894875603 -0.48284868969777395 0.48284868969777395
11468500.0 39.42822 -123.73779 -0.3124315050985596 -0.7100716024967264 0.11361145639947623 -0.9088916511958098 0.9088916511958098
12147600.0 47.70677 -121.60011 -0.511251553797643 1.1929202921945004 -1.6473661177924053 1.7609775741918814 -1.7609775741918814
1123000.0 41.67177 -72.0523 -0.6248560090485646 -0.1136101834633754 -1.2781145639629732 0.19881782106090692 -1.136101834633754
2202600.0 32.16798 -81.48817 0.0 -1.6473661177924053 1.6473661177924053 -1.6473661177924053 1.6473661177924053
6311000.0 44.02774 -107.08089 1.4769489331931909 0.22722291279895246 0.8520859229960717 -0.1988200486990834 0.1988200486990834
2464146.0 33.41345 -87.51056 0.0 1.1266576925681497 -1.1266576925681497 1.1266576925681497 -1.1266576925681497
4057800.0 46.4991 -87.88652 -1.4201432049934528 -2.556257768988215 1.022503107595286 -2.4426463125887388 2.4426463125887388
2215100.0 32.23944 -83.50167 0.0 -0.168822556533929 0.168822556533929 -0.168822556533929 0.168822556533929
8164300.0 29.46691 -96.81276 -1.1077116998948933 -0.9656973793955479 -1.1645174280946313 -0.8236830588962026 0.8236830588962026
4296000.0 44.86894 -72.2701 1.7325747100920124 2.7266749535874295 -2.045006215190572 3.6923723329829774 -3.6923723329829774
9210500.0 42.09605 -110.41656 -0.7384744665965954 -0.511251553797643 -0.8804887870959407 -0.3692372332982977 0.3692372332982977
4161580.0 42.80086 -83.09021 1.3917403408935838 -0.7668773306964645 1.9029918946912268 -1.9313947587910958 1.9313947587910958
9494000.0 33.73644 -110.16677 -3.493552284283894 -2.641466361287822 -2.8402864099869056 -1.9029918946912268 1.9029918946912268
6447500.0 43.16667 -101.63015 0.0 0.7668773306964645 -0.056805728199738115 1.2497260203942384 -1.2497260203942384
8378500.0 35.70837 -105.68252 -2.3858405843890007 -1.7609775741918814 -1.9313947587910958 -0.17041718459921434 0.17041718459921434
1022500.0 44.60797 -67.93524 0.5964601460972502 1.3633374767937148 -2.499452040788477 1.9597976228909648 -1.9597976228909648
2221525.0 33.25236 -83.48128 -0.3976400973981668 -1.2781288844941074 0.4544458255979049 -1.7325747100920124 1.7325747100920124
9378170.0 37.84666 -109.36956 0.0 -1.266713201248612 1.266713201248612 -1.266713201248612 1.266713201248612
3280700.0 37.16509 -83.30796 -0.25562291279259464 -0.08520763759753154 -0.39763564212181385 -0.42603818798765775 -0.48284327971934543
7301500.0 35.16811 -99.50731 -0.3976400973981668 -1.0793088357950242 -0.3408343691984287 -1.1077116998948933 1.1077116998948933
4221000.0 42.12229 -77.95722 1.5905603895926672 1.1645174280946313 0.9941002434954169 1.050905971695155 -1.050905971695155
6332515.0 47.78724 -102.76853 0.9941002434954169 0.3692372332982977 1.1361145639947623 0.1420143204993453 -0.1420143204993453
12175500.0 48.67263 -121.0729 -2.6982720894875603 0.8520859229960717 -2.8970921381866437 2.8402864099869056 -2.8402864099869056
5466500.0 41.18698 -90.96737 -0.22722291279895246 0.42604296149803583 -1.7041718459921433 0.7100716024967264 -0.7100716024967264
5495500.0 40.14282 -91.33737 -0.6816687383968574 -0.2556257768988215 -1.50535179729306 0.11361145639947623 -0.11361145639947623
5487980.0 41.24688 -93.26607 -0.6248630101971192 0.1988200486990834 -2.1586176715900485 0.6532658742969882 -0.6532658742969882
7057500.0 36.62303 -92.24813 1.8177833023916197 -0.2840286409986906 2.613063497187953 -2.2438262638896553 2.2438262638896553
8200000.0 29.56967 -99.24671 -0.7952801947963336 -1.1645174280946313 -0.11361145639947623 -1.3633374767937148 1.3633374767937148
1567500.0 40.37092 -77.40221 1.2213231562943694 0.511251553797643 1.1077116998948933 0.056805728199738115 -0.056805728199738115
1591400.0 39.25597 -77.05106 1.1077116998948933 1.3349346126938457 -0.028402864099869057 1.1077116998948933 -1.1077116998948933
5593575.0 38.44172 -89.41675 0.48284868969777395 0.7384744665965954 0.2556257768988215 0.7384744665965954 -0.7384744665965954
2143000.0 35.68444 -81.40333 -0.2556257768988215 -1.9029918946912268 2.1870205356899173 -1.8461861664914887 1.8461861664914887
10259200.0 33.63114 -116.39223 -1.3633374767937148 -2.1870205356899173 -1.2497260203942384 -2.2438262638896553 2.2438262638896553
14141500.0 45.4154 -122.17148 0.3976400973981668 0.7952801947963336 -0.17041718459921434 0.1988200486990834 -0.1988200486990834
3241500.0 39.72284 -83.88271 0.8520859229960717 0.7100716024967264 0.1988200486990834 0.48284868969777395 -0.48284868969777395
3238500.0 38.85813 -83.92854 1.1930697770699525 1.8128462846387592 -0.8212038725286687 1.7508686338818784 -1.7508686338818784
3173000.0 37.26818 -80.70951 0.7384744665965954 0.3124315050985596 1.050905971695155 -0.056805728199738115 0.056805728199738115
6910800.0 38.56701 -95.96163 0.5680572819973811 -0.9941002434954169 1.6189632536925362 -1.50535179729306 1.50535179729306
7292500.0 31.32472 -91.10944 -0.4544458255979049 -1.7325747100920124 1.6189632536925362 -2.3574377202891315 2.3574377202891315
10316500.0 40.69076 -115.477 -0.7100716024967264 -0.4544458255979049 0.17041718459921434 -0.3124315050985596 0.3124315050985596
2137727.0 35.68583 -82.06028 0.0 -0.1988200486990834 0.1988200486990834 -0.1988200486990834 0.1988200486990834
6614800.0 40.49609 -105.86501 1.2497260203942384 -0.4544458255979049 1.5905603895926672 -1.533754661392929 1.533754661392929
1142500.0 43.93451 -72.65788 1.8177833023916197 2.045006215190572 -0.1420143204993453 1.7325747100920124 -1.7325747100920124
14138800.0 45.45262 -121.89147 0.08520859229960717 0.7952801947963336 -0.7668773306964645 0.9941002434954169 -0.9941002434954169
12115500.0 47.35066 -121.66316 -0.7384744665965954 0.8804887870959407 -1.9882004869908338 1.9882004869908338 -1.9882004869908338
2027500.0 37.70236 -79.02752 0.511251553797643 -0.3692372332982977 1.4201432049934528 -0.7384744665965954 0.7384744665965954
5062500.0 47.26663 -96.24478 2.343236288239197 3.5929623086334357 1.5763589575427326 3.734976629132781 0.4118415294481013
8176900.0 28.86165 -97.22638 -0.5822587140473157 -0.9516879037607358 -0.46864725764783943 -1.0369136861870702 -0.6674673063469229
10173450.0 37.62276 -112.51688 -1.533754661392929 -0.7100716024967264 -1.533754661392929 0.0 0.0
3213700.0 37.67316 -82.28014 0.42603818798765775 0.0568050917316877 0.6532585549144085 -0.17041527519506308 -0.73846619251194
2371500.0 31.5735 -86.25162 0.7668773306964645 -0.6248630101971192 0.8520859229960717 -0.9372945152956789 0.9372945152956789
8158700.0 30.08299 -98.00779 -0.42604296149803583 -0.5680572819973811 -0.1988200486990834 -0.5396544178975121 0.5396544178975121
2481510.0 30.48361 -89.27444 -1.1077116998948933 -0.9941002434954169 0.5396544178975121 -0.7668773306964645 0.7668773306964645
10172700.0 39.97939 -112.38023 -2.016603351090703 -1.7325747100920124 -1.9597976228909648 -0.9372945152956789 0.9372945152956789
14400000.0 42.12344 -124.18731 -0.4544458255979049 -0.3976400973981668 0.3976400973981668 0.0 0.0
6814000.0 39.94778 -96.10862 -0.11361145639947623 -1.2497260203942384 0.8804887870959407 -1.6473661177924053 1.6473661177924053
2015700.0 38.1954 -79.57032 -0.4544458255979049 0.056805728199738115 -0.08520859229960717 0.22722291279895246 -0.22722291279895246
9447800.0 32.95562 -109.53119 0.0 -2.416384261692216 2.416384261692216 -2.416384261692216 2.416384261692216
9066000.0 39.59638 -106.26503 2.2154233997897865 -0.6532658742969882 3.2663293714849413 -2.471049176688608 2.471049176688608
14158500.0 44.36095 -121.99562 -1.9029918946912268 0.9088916511958098 -2.556257768988215 2.8118835458870364 -2.8118835458870364
2374500.0 31.4185 -86.98664 -0.6816687383968574 -1.1929202921945004 0.3976400973981668 -1.6473661177924053 1.6473661177924053
7184000.0 37.28125 -95.03267 0.5396544178975121 0.17041718459921434 1.1929202921945004 0.1420143204993453 -0.1420143204993453
11451100.0 39.16545 -122.61999 -0.3976400973981668 -0.3692372332982977 0.2840286409986906 -0.17041718459921434 0.17041718459921434
4105700.0 42.35337 -85.35389 -0.3408343691984287 -1.7893804382917504 0.4544458255979049 -1.6473661177924053 1.6473661177924053
7056000.0 35.98318 -92.74755 -0.11361145639947623 0.0 0.08520859229960717 0.3692372332982977 -0.3692372332982977
2350900.0 31.76444 -84.25333 0.0 0.1605692790315142 -0.1605692790315142 0.1605692790315142 -0.1605692790315142
5503800.0 39.58483 -91.99349 -0.5396544178975121 -0.4544458255979049 -0.4544458255979049 -0.028402864099869057 0.028402864099869057
1187300.0 42.03732 -72.93899 0.44024439354797035 0.0 0.014201432049934529 -0.3550358012483632 -1.320733180643911
14138900.0 45.49429 -122.03592 0.5964601460972502 1.4201432049934528 -1.4201432049934528 1.1645174280946313 -1.1645174280946313
14020000.0 45.71958 -118.32329 -0.9941002434954169 0.6816687383968574 -1.7041718459921433 1.4485460690933218 -1.4485460690933218
8079600.0 33.03843 -101.19763 -1.5905603895926672 -0.5396544178975121 -1.5621575254927982 -0.2840286409986906 -0.4544458255979049
3384450.0 37.47227 -88.54727 0.48284868969777395 0.22722291279895246 0.7384744665965954 0.0 0.0
2231000.0 30.35885 -82.0815 0.1988200486990834 -0.9088916511958098 1.2781288844941074 -1.1645174280946313 1.1645174280946313
2046000.0 37.06709 -77.60249 1.2781288844941074 -0.9656973793955479 3.039106458685989 -1.7041718459921433 1.7041718459921433
12414500.0 47.27464 -116.18905 -0.7952801947963336 -0.1988200486990834 -0.5680572819973811 0.6532658742969882 -0.6532658742969882
13161500.0 41.93324 -115.67453 -1.8461861664914887 -0.6248630101971192 -1.3917403408935838 0.028402864099869057 -0.028402864099869057
2082950.0 36.18333 -77.87611 1.2497260203942384 -1.5621575254927982 2.925495002286513 -2.41424344848887 2.41424344848887
8178880.0 29.72384 -99.07004 0.4667537509360906 -0.7282373963933477 1.2860362532052736 -0.7282373963933477 1.2860362532052736
6043500.0 45.49743 -111.27051 2.4426463125887388 1.7325747100920124 2.556257768988215 1.050905971695155 2.10181194339031
9386900.0 35.28253 -108.55341 -2.3858405843890007 -2.8402864099869056 -1.9597976228909648 -2.7266749535874295 2.7266749535874295
2069700.0 36.57097 -80.12949 0.6248630101971192 -1.1077116998948933 2.3290348561892626 -2.1870205356899173 2.1870205356899173
11482500.0 41.29929 -124.05118 -0.8804887870959407 -0.5964601460972502 -1.5905603895926672 0.1420143204993453 -0.1420143204993453
1543500.0 41.31728 -78.10306 -0.3692372332982977 -0.11361145639947623 0.0 0.1988200486990834 -0.1988200486990834
6191500.0 45.11188 -110.79438 2.527854904888346 0.3124315050985596 2.1586176715900485 -1.1645174280946313 1.1645174280946313
3300400.0 37.83284 -85.29607 1.7893804382917504 1.4485460690933218 0.7952801947963336 1.1929202921945004 -1.9597976228909648
9066200.0 39.64832 -106.32308 1.6189632536925362 -1.50535179729306 3.2095236432852032 -3.493552284283894 3.493552284283894
5362000.0 45.30803 -90.95652 0.0 -0.9941002434954169 1.8745890305913577 -1.3633374767937148 1.3633374767937148
1414500.0 42.1062 -74.73043 2.6982418572551654 2.044983302340757 0.2272203669267508 0.8236738301094716 -1.7609578436823186
3357350.0 39.76171 -86.72945 1.7325747100920124 1.5621575254927982 1.7893804382917504 1.4769489331931909 -1.4769489331931909
6470800.0 46.22524 -98.07177 3.01070359458612 2.7550778176872983 2.584660633088084 2.471049176688608 -2.471049176688608
2450250.0 34.28538 -87.39891 -0.42604296149803583 -0.17041718459921434 -0.511251553797643 -0.3124315050985596 0.3124315050985596
3504000.0 35.1275 -83.61861 -1.2497260203942384 0.3408343691984287 -2.471049176688608 1.7609775741918814 -1.7609775741918814
14185900.0 44.54012 -122.43591 -1.050905971695155 0.0 -2.641466361287822 2.499452040788477 -2.499452040788477
6889500.0 39.09938 -95.72495 -0.1420143204993453 -1.7325747100920124 1.7325747100920124 -2.130214807490179 2.130214807490179
2415000.0 33.06679 -85.87913 0.0 -0.1605692790315142 0.1605692790315142 -0.1605692790315142 0.1605692790315142
5591550.0 39.5067 -88.52756 0.0 1.533754661392929 -1.533754661392929 1.533754661392929 -1.533754661392929
3281100.0 37.15203 -83.7602 -1.1219131319448277 -1.5763589575427326 -0.6390644422470537 -1.9171933267411614 -1.263927452444173
1055000.0 44.64275 -70.58878 2.925495002286513 2.613063497187953 0.6816687383968574 1.3349346126938457 -1.3349346126938457
2465493.0 32.99735 -87.62223 0.3408343691984287 -0.3976400973981668 0.8236830588962026 -0.9372945152956789 0.9372945152956789
7376000.0 30.5038 -90.67732 -0.7242730345466609 -1.292330316544042 0.8094816268462681 -1.5479560934428636 2.456847744638673
1031500.0 45.17501 -69.3147 1.8745890305913577 1.3633374767937148 0.1420143204993453 0.9088916511958098 -0.9088916511958098
9223000.0 42.11049 -110.70962 -1.4769489331931909 -1.1361145639947623 -1.1361145639947623 -0.5396544178975121 0.5396544178975121
1510000.0 42.54118 -75.89964 1.6473661177924053 2.41424344848887 -1.5621575254927982 2.471049176688608 -3.2379265073850725
2193340.0 33.68263 -82.85792 0.4895215382447742 -0.46895154592758054 0.46895154592758054 -0.46895154592758054 0.46895154592758054
6906800.0 38.70225 -92.97883 0.40919660368228405 0.5926955847701997 -0.5926955847701997 0.5926955847701997 -0.5926955847701997
3165000.0 36.64596 -80.91924 -0.2840286409986906 0.3124315050985596 -1.9597976228909648 0.7384744665965954 -0.7384744665965954
1549500.0 41.47368 -77.23081 1.3349346126938457 0.1420143204993453 2.8970921381866437 -0.8804887870959407 0.8804887870959407
12374250.0 47.82966 -114.69763 0.4667537509360906 1.626913332368117 -1.5649356816112365 1.626913332368117 -1.5649356816112365
10258500.0 33.74502 -116.53557 -0.9656973793955479 -2.0592076472405068 -0.5396544178975121 -2.116013375440245 2.116013375440245
1486000.0 38.21389 -75.67139 1.1361145639947623 0.7100716024967264 0.8520859229960717 1.1077116998948933 -1.1077116998948933
4127997.0 45.27446 -84.60003 -0.7668773306964645 -3.039106458685989 0.8520859229960717 -2.4426463125887388 2.4426463125887388
8101000.0 31.28489 -97.88502 -0.056805728199738115 0.6248630101971192 -0.3692372332982977 0.6816687383968574 -0.6816687383968574
1666500.0 38.32513 -78.09556 0.056805728199738115 -0.511251553797643 1.050905971695155 -0.8804887870959407 0.8804887870959407
9066300.0 39.64582 -106.38225 1.7325747100920124 -0.9372945152956789 3.4651494201840247 -2.584660633088084 2.584660633088084
4196800.0 40.92283 -83.34881 0.6532658742969882 1.2497260203942384 -1.5621575254927982 1.9029918946912268 -1.9029918946912268
2327100.0 30.12937 -84.49435 -0.3692372332982977 -1.2781288844941074 0.3692372332982977 -1.3065317485939765 1.3065317485939765
5414000.0 42.7311 -90.64041 0.08520859229960717 0.7668773306964645 -0.9088916511958098 1.050905971695155 -1.050905971695155
3237280.0 38.64369 -83.21574 1.1645174280946313 1.2781288844941074 0.1988200486990834 0.9088916511958098 -0.9088916511958098
2051500.0 36.71681 -77.83166 1.1361145639947623 -1.50535179729306 2.2154233997897865 -2.1870205356899173 2.1870205356899173
2028500.0 37.86959 -78.82335 0.22722291279895246 -0.3976400973981668 1.1077116998948933 -0.8236830588962026 0.8236830588962026
4197100.0 41.02228 -83.10964 1.3349346126938457 1.5905603895926672 -0.08520859229960717 1.2781288844941074 -1.2781288844941074
7346045.0 32.77792 -94.35742 -0.2556257768988215 -1.2213231562943694 0.5396544178975121 -1.6473661177924053 1.6473661177924053
8377900.0 35.77725 -105.65807 -2.584660633088084 -1.3633374767937148 -2.130214807490179 0.0 0.0
7373000.0 31.53629 -92.40847 -1.9313947587910958 -2.4426463125887388 -0.4544458255979049 -2.3290348561892626 2.3290348561892626
2363000.0 31.59489 -85.783 0.0 -0.6717216627395597 0.6717216627395597 -0.6717216627395597 0.6717216627395597
13340000.0 46.47833 -116.2575 -0.7668773306964645 0.3976400973981668 -1.0793088357950242 0.7384744665965954 -0.7384744665965954
1669000.0 37.87708 -76.90052 1.6757689818922743 1.022503107595286 1.2781288844941074 0.3124315050985596 -0.3124315050985596
3456500.0 35.46167 -82.86972 -0.9656973793955479 0.3408343691984287 -1.7041718459921433 1.50535179729306 -1.50535179729306
13313000.0 44.96167 -115.5 -0.8520859229960717 0.1988200486990834 -2.6698692253876914 2.3574377202891315 -2.3574377202891315
12411000.0 47.70611 -115.97917 0.028402864099869057 0.42604296149803583 -0.5964601460972502 0.6248630101971192 -0.6248630101971192
8165300.0 30.0641 -99.38699 -0.3692372332982977 -2.7834806817871676 0.22722291279895246 -2.925495002286513 2.925495002286513
1411300.0 39.30694 -74.82056 1.8177833023916197 -0.3408343691984287 2.10181194339031 -1.0793088357950242 1.0793088357950242
6911900.0 38.71069 -95.83603 0.5680572819973811 -0.9372945152956789 1.7325747100920124 -1.1361145639947623 1.1361145639947623
3364500.0 39.27477 -85.70165 1.7893603895481625 1.306517109828817 0.5112458255851893 1.0224916511703785 -1.9597756647432256
6889200.0 39.23833 -95.8886 -0.028402864099869057 -1.7609775741918814 2.130214807490179 -2.130214807490179 2.130214807490179
13340600.0 46.84047 -115.6207 -0.9372945152956789 0.08520859229960717 -0.8804887870959407 0.7952801947963336 -0.7952801947963336
2315500.0 30.32578 -82.73818 0.0 -0.8520859229960717 0.8236830588962026 -0.7952801947963336 0.7952801947963336
3604000.0 35.49591 -87.8328 -0.3976400973981668 -0.3692372332982977 -0.6816687383968574 -0.3976400973981668 0.3976400973981668
3473000.0 36.65178 -81.84401 0.8236830588962026 0.22722291279895246 0.9656973793955479 -0.17041718459921434 0.17041718459921434
12115000.0 47.37011 -121.6251 -0.8520859229960717 1.1929202921945004 -2.073409079290441 2.073409079290441 -2.073409079290441
2027000.0 37.71542 -78.98169 0.2556257768988215 -0.1420143204993453 0.3976400973981668 -0.3976400973981668 0.3976400973981668
1195100.0 41.30593 -72.5312 0.0 -0.26683997981877233 0.26683997981877233 -0.26683997981877233 0.26683997981877233
11475560.0 39.7296 -123.64391 -0.7384744665965954 -0.2840286409986906 -2.3574377202891315 1.022503107595286 -1.022503107595286
1350000.0 42.31953 -74.43654 3.1242800452428234 2.073385848206601 0.7952712842436277 0.7952712842436277 -1.7325552978164747
12143600.0 47.4526 -121.71788 0.39674463546515004 1.2973162501932318 -1.3297491564480626 1.3297491564480626 -1.3297491564480626
1543000.0 41.4134 -78.19695 0.08520859229960717 0.7100716024967264 -0.2840286409986906 0.6248630101971192 -0.6248630101971192
6803530.0 41.0157 -96.54428 -0.2840286409986906 -1.022503107595286 -0.08520859229960717 -1.1645174280946313 1.1645174280946313
14216500.0 46.07567 -121.9987 0.0 1.1351517189190778 -1.1351517189190778 1.1351517189190778 -1.1351517189190778
7145700.0 37.24955 -97.4039 2.2154233997897865 0.48284868969777395 2.6698692253876914 -0.2840286409986906 0.2840286409986906
11523200.0 41.11126 -122.70558 -0.6816687383968574 0.2840286409986906 -1.8177833023916197 1.6473661177924053 -1.6473661177924053
3340800.0 39.81255 -86.9539 1.6189632536925362 1.4485460690933218 1.1077116998948933 1.1077116998948933 -1.1077116998948933
1491000.0 38.99719 -75.78581 1.6757689818922743 2.073409079290441 -1.050905971695155 2.2438262638896553 -2.2438262638896553
5595730.0 38.25394 -89.03979 0.1988200486990834 0.1988200486990834 0.1988200486990834 0.3692372332982977 -0.3692372332982977
6354000.0 46.37611 -100.93444 1.3349346126938457 -0.028402864099869057 0.9088916511958098 -0.17041718459921434 0.17041718459921434
5592575.0 38.93699 -88.95284 0.7523986105718488 1.167426957830233 -0.20846909961254162 1.167426957830233 -0.20846909961254162
4185000.0 41.5045 -84.42967 -0.028402864099869057 -0.3692372332982977 0.42604296149803583 -0.4544458255979049 0.4544458255979049
5489000.0 41.219 -92.90853 -1.022503107595286 0.5964601460972502 -2.8402864099869056 0.9372945152956789 -0.9372945152956789
2422500.0 32.58291 -86.9036 1.3349346126938457 -1.4485460690933218 2.3858405843890007 -2.41424344848887 2.41424344848887
9430600.0 33.16673 -108.64978 -3.521955148383763 -0.6248630101971192 -3.7775809252825843 0.2840286409986906 -0.2840286409986906
3498500.0 35.78562 -83.8846 0.0 0.5396544178975121 -2.045006215190572 1.3633374767937148 -1.3633374767937148
6408700.0 44.13665 -103.85854 0.0 0.6670999495469309 -0.6670999495469309 0.6670999495469309 -0.6670999495469309
12048000.0 48.01426 -123.13268 -2.3006319920893934 -0.1420143204993453 -2.925495002286513 2.3574377202891315 -2.3574377202891315
4024430.0 46.63327 -92.09408 0.3692372332982977 -1.3633374767937148 2.016603351090703 -1.8461861664914887 1.8461861664914887
1423000.0 42.1662 -75.13989 2.186996031669976 2.186996031669976 -1.3917247474263486 2.044983302340757 -2.982267315913604
1047000.0 44.8692 -69.9551 2.584660633088084 2.1870205356899173 0.3408343691984287 1.4201432049934528 -1.4201432049934528
14236200.0 46.59538 -122.45956 -0.6532658742969882 0.3976400973981668 -1.6757689818922743 1.6757689818922743 -1.6757689818922743
1169000.0 42.63842 -72.72509 1.4769489331931909 1.4485460690933218 -1.6473661177924053 2.3858405843890007 -2.3858405843890007
2011460.0 38.2454 -79.76866 -0.7952801947963336 -0.22722291279895246 -0.1988200486990834 0.48284868969777395 -0.48284868969777395
3479000.0 36.23917 -81.82222 0.17041718459921434 0.056805728199738115 0.1420143204993453 -0.056805728199738115 0.056805728199738115
2111500.0 36.175 -81.16889 -1.2213094722312854 -2.3290087609991956 -0.14201272932921924 -1.5621400226214117 0.6248560090485646
4256000.0 43.74729 -75.33435 1.6757689818922743 0.6248630101971192 1.3633374767937148 -0.7952801947963336 0.7952801947963336
4045500.0 46.57502 -85.26955 1.1929202921945004 -0.9656973793955479 2.527854904888346 -2.613063497187953 2.613063497187953
9430500.0 33.06118 -108.53727 -2.7834806817871676 -1.1361145639947623 -2.982300730486251 -0.1420143204993453 0.1420143204993453
3076600.0 39.65614 -79.39411 0.5396544178975121 -0.3692372332982977 2.556257768988215 -1.4769489331931909 1.4769489331931909
2297310.0 27.19949 -81.98842 -1.2781288844941074 0.3124315050985596 -2.2154233997897865 0.5396544178975121 -0.5396544178975121
6289000.0 45.00691 -107.61509 1.9882004869908338 0.8520859229960717 0.9372945152956789 0.1988200486990834 -0.1988200486990834
1451800.0 40.66176 -75.62685 1.7609775741918814 1.7325747100920124 1.1645174280946313 1.022503107595286 -1.022503107595286
8025500.0 31.30713 -93.51573 0.014201432049934529 -0.6674673063469229 0.8662873550460062 -0.8662873550460062 2.4852506087385424
2298608.0 27.34366 -82.15676 -1.022503107595286 0.3976400973981668 -2.2154233997897865 0.7100716024967264 -0.7100716024967264
2112120.0 36.25028 -81.04444 -0.3976400973981668 -0.7384744665965954 -0.3692372332982977 -0.17041718459921434 0.17041718459921434
14325000.0 42.8915 -124.07065 -0.8520859229960717 -0.3408343691984287 -1.3633374767937148 0.7668773306964645 -0.7668773306964645
11253310.0 36.40217 -120.43349 -0.9088916511958098 -0.7952801947963336 -0.8236830588962026 -0.511251553797643 0.511251553797643
8380500.0 35.65199 -105.3189 -2.2722291279895246 -0.7384744665965954 -2.527854904888346 0.1988200486990834 -0.1988200486990834
5507600.0 39.43143 -91.67627 -0.42604296149803583 0.17041718459921434 -1.1645174280946313 0.6248630101971192 -0.6248630101971192
6291500.0 45.12644 -107.60054 0.0 0.1580521559387199 -0.1580521559387199 0.1580521559387199 -0.1580521559387199
11162500.0 37.26078 -122.32886 -0.42604296149803583 -0.17041718459921434 -0.3124315050985596 0.0 0.0
3021350.0 42.01533 -79.78255 -1.5905603895926672 0.8520859229960717 -3.550358012483632 3.067509322785858 -3.067509322785858
4040500.0 46.58411 -88.57597 -1.3917403408935838 -2.6698692253876914 0.7100716024967264 -2.8686892740867744 2.8686892740867744
14305500.0 44.71512 -123.88733 -1.3065317485939765 0.42604296149803583 -3.152717915085465 3.3231350996846793 -3.3231350996846793
3281500.0 37.47981 -83.67519 0.2272203669267508 -0.14201272932921924 0.9088814677070032 -0.7100636466460962 -0.19881782106090692
3140000.0 40.36285 -81.86236 0.1988200486990834 -0.22722291279895246 -0.3692372332982977 -0.2556257768988215 0.2556257768988215
12383500.0 47.14743 -113.97427 0.0 0.3564031749049612 -0.3564031749049612 0.3564031749049612 -0.3564031749049612
2051000.0 36.99737 -78.34972 1.320733180643911 0.0 2.116013375440245 -0.49705012174770846 2.3148334241393282
10258000.0 33.80502 -116.55918 -0.26982720894875606 -0.2982300730486251 0.8946902191458752 -0.18461861664914886 1.775179006241816
8196000.0 29.50468 -99.78145 -0.8804887870959407 -1.3633374767937148 -0.5396544178975121 -1.2781288844941074 1.2781288844941074
6468250.0 47.39972 -98.79761 0.0 2.016036503395678 -2.016036503395678 2.016036503395678 -2.016036503395678
2074500.0 36.61958 -79.50419 -0.22722291279895246 -1.3349346126938457 0.7100716024967264 -1.3633374767937148 1.3633374767937148
10336660.0 39.10741 -120.16214 -1.022503107595286 -0.8520859229960717 0.6532658742969882 -0.17041718459921434 0.17041718459921434
9034900.0 39.76026 -105.9064 1.3349346126938457 -0.3408343691984287 2.2722291279895246 -2.3574377202891315 2.3574377202891315
11480390.0 40.28431 -123.3353 0.6840334115729397 -0.028402864099869057 0.028402864099869057 -0.056805728199738115 0.056805728199738115
14306500.0 44.38595 -123.83178 -1.5905603895926672 -0.42604296149803583 -2.982300730486251 1.8461861664914887 -1.8461861664914887
14182500.0 44.79151 -122.57897 0.11361145639947623 0.48284868969777395 -1.2497260203942384 1.1645174280946313 -1.1645174280946313
3159540.0 39.06369 -81.8818 1.50535179729306 0.6248630101971192 1.9313947587910958 -0.2840286409986906 0.2840286409986906
6280300.0 44.20828 -109.55489 2.2154233997897865 -0.08520859229960717 1.9597976228909648 -1.1929202921945004 1.1929202921945004
1518862.0 41.92313 -77.53193 0.39674463546515004 0.940554281390093 -0.940554281390093 0.940554281390093 -0.940554281390093
4027000.0 46.48661 -90.6963 -0.3976400973981668 -1.4769489331931909 1.3065317485939765 -1.7041718459921433 1.7041718459921433
1639500.0 39.61236 -77.23744 1.9882004869908338 0.9656973793955479 2.8402864099869056 0.2840286409986906 -0.2840286409986906
10348850.0 39.35435 -119.85852 0.0 0.4741564678161598 -0.4741564678161598 0.4741564678161598 -0.4741564678161598
2216180.0 31.99139 -82.92194 0.0 -1.6540782189963705 1.6540782189963705 -1.6540782189963705 1.6540782189963705
6339500.0 47.15445 -102.05989 -0.056805728199738115 0.2556257768988215 0.0 0.42604296149803583 -0.42604296149803583
1516500.0 41.79091 -77.01469 1.533754661392929 0.7668773306964645 2.471049176688608 -0.1988200486990834 0.1988200486990834
8271000.0 36.50836 -105.53084 -1.7609775741918814 -2.527854904888346 0.3692372332982977 -1.7041718459921433 1.7041718459921433
2464360.0 33.42484 -87.64251 0.0 -0.13130643285972254 0.13130643285972254 -0.13130643285972254 0.13130643285972254
11237500.0 37.19856 -119.21373 -0.08520859229960717 -0.2556257768988215 0.08520859229960717 0.4544458255979049 -0.4544458255979049
2324400.0 30.09827 -83.47181 -1.6757689818922743 -1.8177833023916197 -0.8236830588962026 -1.2781288844941074 1.2781288844941074
5584500.0 40.33032 -90.89624 -0.5396544178975121 0.17041718459921434 -1.3917403408935838 0.511251553797643 -0.511251553797643
6918460.0 37.40237 -93.80203 1.2497260203942384 -0.5680572819973811 3.152717915085465 -1.7893804382917504 1.7893804382917504
9513780.0 33.9742 -112.09905 -3.095912186885727 -1.1645174280946313 -3.436746556084156 -0.5964601460972502 0.5964601460972502
1485500.0 38.22892 -75.47144 0.6532658742969882 0.3124315050985596 0.1988200486990834 0.7952801947963336 -0.7952801947963336
8195000.0 29.48857 -99.70478 -0.6816687383968574 -1.9597976228909648 0.4544458255979049 -2.3006319920893934 2.3006319920893934
1557500.0 40.68367 -78.23362 1.1361145639947623 -0.2840286409986906 2.130214807490179 -0.7952801947963336 0.7952801947963336
12145500.0 47.53982 -121.909 -1.1077116998948933 1.50535179729306 -3.436746556084156 3.067509322785858 -3.067509322785858
11481200.0 41.01096 -124.08173 -0.5680572819973811 -0.6816687383968574 -0.2840286409986906 -0.6816687383968574 0.6816687383968574
5056000.0 47.80555 -98.71622 2.471049176688608 2.8686892740867744 2.10181194339031 2.3290348561892626 -2.3290348561892626
2013000.0 37.8029 -80.047 -0.48284868969777395 -0.9088916511958098 0.3976400973981668 -0.7384744665965954 0.7384744665965954
9505200.0 34.67474 -111.67209 0.8094816268462681 1.860387598541423 0.6390644422470537 2.229624831839721 1.718373278042078
8070200.0 30.14549 -95.12438 0.0 -1.4616918591127988 1.4616918591127988 -1.4616918591127988 1.4616918591127988
5412500.0 42.73999 -91.2618 0.6532658742969882 0.42604296149803583 0.4544458255979049 0.3692372332982977 -0.3692372332982977
14222500.0 45.83678 -122.46621 -1.6473661177924053 0.48284868969777395 -1.8461861664914887 1.8177833023916197 -1.8177833023916197
6477500.0 43.7764 -98.24567 1.50535179729306 0.8520859229960717 1.2497260203942384 0.9656973793955479 -0.9656973793955479
5592050.0 39.40587 -88.89646 1.1929202921945004 -0.08520859229960717 2.7266749535874295 -0.6816687383968574 0.6816687383968574
2016000.0 37.7918 -79.75949 0.2840286409986906 -0.22722291279895246 1.2213231562943694 -0.1988200486990834 0.1988200486990834
2081500.0 36.19417 -78.58306 0.1420143204993453 -1.5621575254927982 2.3858405843890007 -2.045006215190572 2.045006215190572
4224775.0 42.53562 -77.70416 1.6473661177924053 1.4485460690933218 0.8520859229960717 1.1361145639947623 -1.1361145639947623
2481000.0 30.55861 -89.12194 -0.9941002434954169 -1.4485460690933218 1.3633374767937148 -1.3917403408935838 1.3917403408935838
2395120.0 34.24278 -84.88972 0.0 -0.3124315050985596 0.3124315050985596 -0.3124315050985596 0.3124315050985596
2472000.0 31.70694 -89.40694 0.42604296149803583 -1.5905603895926672 2.073409079290441 -1.9597976228909648 1.9597976228909648
1542810.0 41.57895 -78.29251 0.0 -0.17041718459921434 0.11361145639947623 -0.08520859229960717 0.08520859229960717
1552500.0 41.35702 -76.53467 2.1870205356899173 0.2840286409986906 5.027306945676823 -2.3006319920893934 2.3006319920893934
1073000.0 43.1487 -70.96506 1.6757689818922743 0.9372945152956789 0.3692372332982977 0.8520859229960717 -0.8520859229960717
8190000.0 29.42857 -99.99729 -0.5396544178975121 -1.1361145639947623 -0.22722291279895246 -0.8804887870959407 0.8804887870959407
6452000.0 43.74833 -99.55649 0.11361145639947623 0.9656973793955479 0.0 1.50535179729306 -1.50535179729306
2056900.0 37.04514 -79.8442 0.3124315050985596 -0.1988200486990834 0.5680572819973811 -0.2840286409986906 0.2840286409986906
2053800.0 37.14013 -80.26643 0.1988200486990834 -0.2840286409986906 0.9656973793955479 -0.5964601460972502 0.5964601460972502
1638480.0 39.25455 -77.57638 2.10181194339031 0.5396544178975121 2.016603351090703 -0.08520859229960717 0.08520859229960717
8150800.0 30.64352 -99.09588 -0.48284868969777395 0.48284868969777395 -0.6816687383968574 0.7100716024967264 -0.7100716024967264
7014500.0 38.15853 -91.10846 0.511251553797643 -0.9941002434954169 1.8177833023916197 -1.1361145639947623 1.1361145639947623
8029500.0 30.81889 -93.78556 -0.9088916511958098 -1.022503107595286 -0.5964601460972502 -0.8520859229960717 0.8520859229960717
1539000.0 41.07814 -76.43106 1.4485460690933218 0.8236830588962026 1.9029918946912268 0.11361145639947623 -0.11361145639947623
7083000.0 39.17221 -106.38919 1.1361145639947623 -1.022503107595286 2.613063497187953 -2.073409079290441 2.073409079290441
4127918.0 46.18585 -84.59783 -0.16996416966427894 -2.1755413717027703 1.8356130323742124 -2.719426714628463 2.719426714628463
6632400.0 41.58525 -106.22279 2.584660633088084 -0.511251553797643 3.3515379637845486 -2.3290348561892626 2.3290348561892626
3050000.0 38.80927 -79.88173 0.3552993438811508 -0.4794789291088457 0.521172749031354 -0.4794789291088457 0.4794789291088457
1596500.0 39.57006 -79.10194 0.8236830588962026 -0.056805728199738115 1.1645174280946313 -0.6248630101971192 0.6248630101971192
9497800.0 33.84311 -110.55761 -3.6497680368331737 -3.365739395834483 -3.422545124034221 -2.6556677933377566 1.1787188601445657
1669520.0 37.63375 -76.69635 0.0 0.9339399293657031 -0.9339399293657031 0.9339399293657031 -0.9339399293657031
12025700.0 46.7726 -122.59401 -1.2497260203942384 0.9656973793955479 -3.1811207791853344 3.3515379637845486 -3.3515379637845486
12041200.0 47.80675 -124.25103 -2.7550778176872983 -0.2556257768988215 -4.260429614980358 3.8627895175821916 -3.8627895175821916
11473900.0 39.70627 -123.32529 -0.8236830588962026 -0.3692372332982977 -1.9882004869908338 1.2213231562943694 -1.2213231562943694
7362100.0 33.37596 -92.77711 -0.511251553797643 -2.3006319920893934 1.7893804382917504 -2.3858405843890007 2.3858405843890007
12056500.0 47.51426 -123.32989 -1.7041718459921433 0.2840286409986906 -3.2095236432852032 3.2379265073850725 -3.2379265073850725
3455500.0 35.39611 -82.9375 -1.9313947587910958 -0.11361145639947623 -3.152717915085465 2.3858405843890007 -2.3858405843890007
9484600.0 32.03591 -110.67758 0.0 -0.1983739567600742 0.1983739567600742 -0.1983739567600742 0.1983739567600742
11532500.0 41.7915 -124.07619 -0.3976400973981668 -0.2556257768988215 -1.1645174280946313 0.6532658742969882 -0.6532658742969882
9065500.0 39.62582 -106.27808 2.073409079290441 -0.8804887870959407 3.379940827884418 -3.521955148383763 3.521955148383763
6921200.0 37.75047 -93.26618 1.7609775741918814 -0.42604296149803583 2.982300730486251 -1.1929202921945004 1.1929202921945004
10023000.0 41.60994 -111.25409 0.0 0.506467669601787 -0.506467669601787 0.506467669601787 -0.506467669601787
6784000.0 41.03244 -98.74053 1.1077116998948933 -0.22722291279895246 1.1645174280946313 -1.4769489331931909 1.4769489331931909
2479155.0 31.02528 -89.01667 -1.3065317485939765 -1.3065317485939765 0.6816687383968574 -1.3633374767937148 1.3633374767937148
1121000.0 41.84371 -72.16897 -0.6106615781471847 -0.21302148074901792 -0.6958701704467919 0.18461861664914886 -1.8887904626412921
5444000.0 41.90281 -89.69622 0.5964601460972502 0.511251553797643 -0.08520859229960717 0.08520859229960717 -0.08520859229960717
3574500.0 34.62425 -86.30637 -1.1929202921945004 -0.6248630101971192 -1.9597976228909648 0.056805728199738115 -0.056805728199738115
2143040.0 35.59069 -81.56704 -0.5964601460972502 -1.50535179729306 2.016603351090703 -1.7325747100920124 1.7325747100920124
14309500.0 42.804 -123.61091 -0.7100716024967264 -0.511251553797643 -0.2556257768988215 -0.2556257768988215 0.2556257768988215
3070500.0 39.61564 -79.70477 -0.2556257768988215 -0.028402864099869057 -0.2556257768988215 0.0 0.0
2118500.0 36.00056 -80.74556 -0.48284868969777395 -0.8520859229960717 1.1361145639947623 -1.3349346126938457 1.3349346126938457
8014500.0 30.69875 -92.89319 -0.42604296149803583 -2.3290348561892626 2.016603351090703 -3.01070359458612 3.01070359458612
10329500.0 41.53462 -117.41791 -1.050905971695155 -1.2781288844941074 -0.7384744665965954 -0.8804887870959407 0.8804887870959407
6352000.0 46.15417 -102.47405 1.3349346126938457 0.028402864099869057 1.1077116998948933 -0.1988200486990834 0.1988200486990834
8070000.0 30.3366 -95.1041 -1.050905971695155 -1.7041718459921433 -0.6816687383968574 -1.50535179729306 1.50535179729306
2479560.0 30.80908 -88.45863 -0.6532658742969882 -1.2213231562943694 1.4201432049934528 -1.533754661392929 1.533754661392929
4115265.0 43.24976 -84.98113 0.0 0.0 0.0 0.0 0.0
1434025.0 41.99537 -74.50099 0.0 1.3135327033206472 -1.3135327033206472 1.3135327033206472 -1.3135327033206472
6876700.0 39.13907 -97.83696 0.7100716024967264 -0.9372945152956789 1.1929202921945004 -1.3633374767937148 1.3633374767937148
2212600.0 33.09985 -83.72351 0.056805728199738115 -0.8236830588962026 1.050905971695155 -1.2497260203942384 1.2497260203942384
7067000.0 36.99138 -91.01351 1.050905971695155 -0.7100716024967264 2.4426463125887388 -2.3574377202891315 2.3574377202891315
11478500.0 40.48042 -123.89088 -0.5396544178975121 -0.42604296149803583 -0.2556257768988215 -0.1988200486990834 0.1988200486990834
1545600.0 41.38951 -77.69082 0.7384744665965954 0.5964601460972502 0.5680572819973811 0.5964601460972502 -0.5964601460972502
6892000.0 39.11633 -95.01088 -0.3692372332982977 -0.9656973793955479 1.022503107595286 -1.050905971695155 1.050905971695155
4074950.0 45.18997 -88.73344 0.0 -1.9029918946912268 1.9029918946912268 -1.9029918946912268 1.9029918946912268
4057510.0 45.94302 -86.7057 1.533754661392929 -2.3006319920893934 3.152717915085465 -4.0048038380815365 4.0048038380815365
3368000.0 39.07033 -85.48608 2.10181194339031 0.7384744665965954 2.045006215190572 0.028402864099869057 -0.028402864099869057
14154500.0 43.73596 -122.8734 -0.8804887870959407 -0.22722291279895246 -1.533754661392929 0.9088916511958098 -0.9088916511958098
10249300.0 38.88743 -117.24537 -2.7834806817871676 -1.0793088357950242 -2.8686892740867744 0.2556257768988215 -0.2556257768988215
6440200.0 43.96888 -101.76709 0.0 0.20846909961254162 -0.20846909961254162 0.20846909961254162 -0.20846909961254162
9484000.0 32.31674 -110.81037 0.0 0.8108226563707699 -0.8108226563707699 0.8108226563707699 -0.8108226563707699
1181000.0 42.23731 -72.89565 1.5621575254927982 1.4201432049934528 -0.17041718459921434 1.1929202921945004 -1.1929202921945004
4213075.0 41.992 -80.29117 0.0 1.5944352561537738 -1.5944352561537738 1.5944352561537738 -1.5944352561537738
8103900.0 30.91157 -98.03697 0.2840286409986906 -0.3692372332982977 0.028402864099869057 -0.42604296149803583 0.42604296149803583
8202700.0 29.37079 -99.28782 -0.9088916511958098 -0.9088916511958098 -0.9088916511958098 -1.050905971695155 1.050905971695155
12178100.0 48.65596 -121.23846 -1.9597976228909648 0.11361145639947623 -1.8461861664914887 1.6473661177924053 -1.6473661177924053
7362587.0 34.79759 -92.93351 0.6410242211627138 -0.06612465225335806 0.9477866822981322 -0.06612465225335806 0.9477866822981322
2198100.0 32.93766 -81.81539 0.4895215382447742 -0.9566611536922643 1.9695964928958383 -0.9566611536922643 1.9695964928958383
12025000.0 46.6201 -122.94513 0.6958701704467919 2.4852506087385424 -2.286430560039459 4.501853959829245 -2.85448784203684
3010655.0 41.96173 -78.19807 1.3917403408935838 0.056805728199738115 2.016603351090703 -0.7952801947963336 0.7952801947963336
10336740.0 39.06658 -119.93546 0.2616677120833112 0.0937903091855161 0.8816289063438514 0.0937903091855161 0.8816289063438514
11381500.0 40.0546 -122.02415 -0.6816687383968574 -0.5396544178975121 -1.1361145639947623 0.7384744665965954 -0.7384744665965954
2381600.0 34.57037 -84.46882 -0.8236830588962026 -1.9313947587910958 1.7041718459921433 -1.8177833023916197 1.8177833023916197
10263500.0 34.42083 -117.83951 -1.0793088357950242 -0.5680572819973811 -1.1645174280946313 -0.8236830588962026 0.8236830588962026
13310700.0 44.98694 -115.725 2.172819103639983 2.769279249737233 0.49705012174770846 3.76337949323265 0.5822587140473157
8190500.0 29.47273 -100.23646 0.3124315050985596 -1.3917403408935838 0.22722291279895246 -1.6473661177924053 1.6473661177924053
8171300.0 29.97938 -97.91 -0.3976400973981668 -0.1420143204993453 0.028402864099869057 -0.48284868969777395 0.48284868969777395
13011900.0 43.83806 -110.44111 1.6189632536925362 0.11361145639947623 1.6473661177924053 -1.2781288844941074 1.2781288844941074
3026500.0 41.63117 -78.57669 -0.4544458255979049 -0.3692372332982977 0.42604296149803583 -0.3692372332982977 0.3692372332982977
12092000.0 46.90372 -122.03511 -1.9597976228909648 1.7325747100920124 -3.720775197082846 3.720775197082846 -3.720775197082846
2472500.0 31.42583 -89.41472 0.0 -1.6757689818922743 2.016603351090703 -2.2154233997897865 2.2154233997897865
10166430.0 40.40523 -112.1005 0.0 0.13130643285972254 -0.13130643285972254 0.13130643285972254 -0.13130643285972254
1552000.0 41.32508 -76.91246 2.3290348561892626 0.7100716024967264 3.578760876583501 -0.9372945152956789 0.9372945152956789
7208500.0 36.37226 -104.97 -1.8745890305913577 -1.7325747100920124 -1.2213231562943694 -1.1077116998948933 1.1077116998948933
6360500.0 45.25582 -100.84292 0.9372945152956789 0.511251553797643 0.7384744665965954 0.6532658742969882 -0.6532658742969882
7375000.0 30.61602 -90.24869 -1.1361145639947623 -0.9088916511958098 -0.2556257768988215 -0.9088916511958098 0.9088916511958098
1658500.0 38.58734 -77.4286 1.1077116998948933 0.42604296149803583 1.6757689818922743 -0.08520859229960717 0.08520859229960717
14187000.0 44.37235 -122.62314 0.0 0.6671011187601331 -0.6671011187601331 0.6671011187601331 -0.6671011187601331
6919500.0 37.8342 -93.87549 1.050905971695155 -0.22722291279895246 3.01070359458612 -1.2213231562943694 1.2213231562943694
12020000.0 46.61732 -123.27764 -0.9372945152956789 0.5680572819973811 -2.982300730486251 3.039106458685989 -3.039106458685989
9378630.0 37.75555 -109.47651 -2.3006319920893934 -2.499452040788477 -1.050905971695155 -2.41424344848887 2.41424344848887
8269000.0 36.43947 -105.50362 -1.1645174280946313 -2.3006319920893934 0.1988200486990834 -1.8745890305913577 1.8745890305913577
6339100.0 47.23613 -102.76991 0.1988200486990834 0.3976400973981668 0.17041718459921434 0.2840286409986906 -0.2840286409986906
14166500.0 44.04984 -123.42621 -2.016603351090703 -0.056805728199738115 -2.613063497187953 1.1077116998948933 -1.1077116998948933
2231342.0 27.56865 -80.79617 -0.4544458255979049 0.22722291279895246 -0.5964601460972502 0.3976400973981668 -0.3976400973981668
2430615.0 34.3925 -88.355 -0.29189615629347715 -1.0054200938997546 0.32432906254830796 -1.1675846251739086 1.1675846251739086
7359610.0 34.38278 -93.60611 0.7523986105718488 -0.7504887586051499 0.7504887586051499 -0.7504887586051499 0.7504887586051499
3049800.0 40.52035 -79.93811 0.1420143204993453 0.8520859229960717 -1.2213231562943694 1.2497260203942384 -1.2497260203942384
6468170.0 47.55805 -98.86289 1.9313947587910958 1.8461861664914887 1.4769489331931909 1.5905603895926672 -1.5905603895926672
4015330.0 46.94688 -91.7924 0.028402864099869057 -0.3692372332982977 1.1645174280946313 -0.48284868969777395 0.48284868969777395
7151500.0 37.12891 -97.60144 1.8177833023916197 0.17041718459921434 2.2722291279895246 -0.2840286409986906 0.2840286409986906
3450000.0 35.65306 -82.40528 2.7550778176872983 1.9597976228909648 2.130214807490179 1.6189632536925362 2.1870205356899173
2125000.0 35.33472 -80.33556 -0.8498208483213946 -1.4956846930456547 1.1557563537170967 -1.1897491876499524 1.1897491876499524
12073500.0 47.38926 -122.69902 -1.2497260203942384 0.0 -1.3917403408935838 1.5905603895926672 -1.5905603895926672
9081600.0 39.23221 -107.22727 -1.7325747100920124 -0.8804887870959407 -0.1420143204993453 -0.4544458255979049 0.4544458255979049
3291780.0 38.87811 -85.25718 2.130214807490179 0.48284868969777395 3.521955148383763 -0.42604296149803583 0.42604296149803583
3182500.0 38.18595 -80.13062 -1.4201432049934528 -0.6816687383968574 -1.050905971695155 0.3692372332982977 -0.3692372332982977
6885500.0 39.68192 -96.44289 0.028402864099869057 -0.7384744665965954 1.0793088357950242 -1.1077116998948933 1.1077116998948933
1632900.0 38.69345 -78.64279 0.36923309625597 -0.7668687383777839 1.47693238502388 -1.5905425684872554 0.6532585549144085
2077200.0 36.39778 -79.19667 -0.11361145639947623 -1.050905971695155 0.5680572819973811 -1.2213231562943694 1.2213231562943694
1139000.0 44.15034 -72.06509 2.10181194339031 1.3065317485939765 1.4201432049934528 0.42604296149803583 -0.42604296149803583
11180960.0 37.71771 -122.05441 -0.8236830588962026 -0.3692372332982977 -0.7100716024967264 0.028402864099869057 -0.028402864099869057
6803510.0 40.89311 -96.68155 -0.3124315050985596 -1.7609775741918814 0.11361145639947623 -1.9029918946912268 1.9029918946912268
11176400.0 37.56132 -121.68384 -0.2840286409986906 -0.5396544178975121 0.11361145639947623 -0.6532658742969882 0.6532658742969882
6404000.0 43.87249 -103.33658 0.6532658742969882 0.511251553797643 0.7100716024967264 0.5396544178975121 -0.5396544178975121
14303200.0 45.32428 -123.5465 0.0 2.0757060003091707 -2.0757060003091707 2.0757060003091707 -2.0757060003091707
11180500.0 37.60605 -122.02385 -0.8520859229960717 -0.1420143204993453 -1.1645174280946313 0.2556257768988215 -0.2556257768988215
11264500.0 37.73159 -119.55877 -0.028402864099869057 -0.1988200486990834 0.1420143204993453 -0.1420143204993453 0.1420143204993453
7295000.0 31.22694 -91.29556 -2.5023977719707995 -3.0711245383277994 -1.5355622691638997 -3.1564335532813494 -0.9383991644890498
7068000.0 36.622 -90.84762 0.8236830588962026 -0.3692372332982977 2.016603351090703 -2.1870205356899173 2.1870205356899173
2102908.0 35.18278 -79.1775 0.028402864099869057 -2.499452040788477 1.9597976228909648 -2.8118835458870364 2.8118835458870364
12377150.0 47.32299 -113.97955 0.0 0.9141703486639896 -0.9141703486639896 0.9141703486639896 -0.9141703486639896
3187500.0 38.29539 -80.52648 0.24142434484888697 0.49705012174770846 0.46864725764783943 1.292330316544042 0.21302148074901792
2065500.0 37.07931 -78.76362 0.2556257768988215 -1.9882004869908338 1.7041718459921433 -2.6698692253876914 2.6698692253876914
5501000.0 39.81799 -91.5177 0.0 -0.42604296149803583 0.9372945152956789 -0.42604296149803583 0.42604296149803583
10336645.0 39.05185 -120.11852 0.0 0.028402864099869057 -0.028402864099869057 0.028402864099869057 -0.028402864099869057
7149000.0 37.0392 -98.47021 1.3633374767937148 -1.4769489331931909 1.8461861664914887 -2.130214807490179 2.130214807490179
4063700.0 45.76357 -88.46318 -0.1988200486990834 -3.1243150509855964 2.1586176715900485 -3.8059837893824535 3.8059837893824535
3500240.0 35.15889 -83.39417 -1.3065317485939765 -0.1988200486990834 -0.8236830588962026 0.2840286409986906 -0.2840286409986906
6278300.0 44.50802 -107.40369 1.5905603895926672 -0.7668773306964645 1.6189632536925362 -1.2781288844941074 1.2781288844941074
13331500.0 45.61987 -117.72659 -3.01070359458612 0.1420143204993453 -3.947998109881799 2.982300730486251 -2.982300730486251
4197170.0 41.11367 -83.16825 -0.8853537222077292 0.6648745782240313 -1.6054288596141244 0.6648745782240313 -1.5729959533592937
6917000.0 38.01897 -94.71367 0.7952801947963336 0.17041718459921434 1.533754661392929 -0.3124315050985596 0.3124315050985596
7315200.0 33.81288 -98.08504 -1.7893804382917504 -2.527854904888346 -1.2213231562943694 -2.3006319920893934 2.3006319920893934
5120500.0 48.13834 -100.53986 1.5905603895926672 1.1929202921945004 1.3349346126938457 1.1361145639947623 -1.1361145639947623
1440400.0 41.08481 -75.21462 1.6189632536925362 1.8177833023916197 -0.9088916511958098 1.8745890305913577 -1.8745890305913577
8158810.0 30.15549 -97.94001 -0.48284868969777395 0.17041718459921434 -1.2213231562943694 0.7384744665965954 -0.7384744665965954
9352900.0 37.4775 -107.54367 -2.3858405843890007 -1.9029918946912268 -0.1420143204993453 -0.3976400973981668 0.3976400973981668
2053200.0 36.37083 -77.02556 1.4769489331931909 -0.3124315050985596 2.045006215190572 -0.9941002434954169 0.9941002434954169
8267500.0 36.54169 -105.5564 -1.7609775741918814 -1.9313947587910958 -0.2556257768988215 -0.8236830588962026 0.8236830588962026
3346000.0 39.01004 -87.94559 1.5905603895926672 0.8804887870959407 2.045006215190572 0.6816687383968574 -0.6816687383968574
6344600.0 47.02779 -103.05324 -0.08520859229960717 0.0 -0.3976400973981668 -0.1420143204993453 0.1420143204993453
7290650.0 32.01778 -90.87694 -2.1327253738387495 -3.0142518616920992 -0.22749070654279996 -3.213306229917049 -0.8815264878533499
5593900.0 39.14894 -89.35231 1.3065317485939765 1.4769489331931909 0.42604296149803583 1.50535179729306 -1.50535179729306
3028000.0 41.57534 -78.69225 -0.3124315050985596 0.028402864099869057 -0.8236830588962026 0.6248630101971192 -0.6248630101971192
8194200.0 27.96501 -98.96697 -0.8804887870959407 -0.6532658742969882 -0.7668773306964645 -0.6532658742969882 0.6532658742969882
2372250.0 31.59627 -86.40552 0.3408343691984287 -0.48284868969777395 0.2840286409986906 -0.511251553797643 0.511251553797643
9505800.0 34.53864 -111.69404 -3.152717915085465 -1.5905603895926672 -3.3231350996846793 -0.8804887870959407 0.8804887870959407
2112360.0 36.31139 -80.80722 -0.2556257768988215 -1.1077116998948933 0.08520859229960717 -0.6532658742969882 0.6532658742969882
7148400.0 36.81503 -98.64814 0.9088916511958098 -1.8177833023916197 1.6757689818922743 -2.4426463125887388 2.4426463125887388
10234500.0 38.28053 -112.56827 -2.9538978663863817 -1.8745890305913577 -3.039106458685989 -0.1420143204993453 0.1420143204993453
1350140.0 42.42897 -74.47293 2.641436765523478 1.6473476602189432 1.4201272932921924 0.9088814677070032 -1.84616548127985
6441500.0 44.32665 -100.3843 0.6958701704467919 1.292330316544042 0.49705012174770846 1.5763589575427326 0.014201432049934529
5057200.0 47.22916 -98.12482 0.5680572819973811 2.527854904888346 0.17041718459921434 2.8402864099869056 -2.8402864099869056
6746095.0 40.53998 -105.88279 1.2781288844941074 1.8177833023916197 -0.9372945152956789 0.8804887870959407 -0.8804887870959407
2018000.0 37.66596 -79.91144 0.0 -0.3408343691984287 1.1929202921945004 -0.7668773306964645 0.7668773306964645
3170000.0 37.03763 -80.55672 0.7100716024967264 -0.056805728199738115 1.3633374767937148 -0.3692372332982977 0.3692372332982977
13235000.0 44.08528 -115.62222 -1.0793088357950242 -0.5396544178975121 -2.1870205356899173 1.4201432049934528 -1.4201432049934528
12117000.0 47.38649 -121.84622 -1.2213231562943694 1.022503107595286 -3.2947322355848105 3.2379265073850725 -3.2379265073850725
6353000.0 46.09167 -101.33374 1.8461861664914887 0.17041718459921434 1.5621575254927982 -0.1420143204993453 0.1420143204993453
7226500.0 35.43838 -103.52579 -1.1711310225379452 -0.16306887655591643 -1.1711310225379452 -0.01482444332326513 0.01482444332326513
1439500.0 41.08815 -75.03767 1.7041718459921433 1.9597976228909648 -0.511251553797643 1.8177833023916197 -1.8177833023916197
9505350.0 34.72863 -111.77571 -2.613063497187953 -1.2213231562943694 -2.3574377202891315 -0.6532658742969882 0.6532658742969882
2064000.0 37.12681 -78.95974 -0.1988200486990834 -1.1645174280946313 0.9088916511958098 -1.8745890305913577 1.8745890305913577
3366500.0 38.80422 -85.67386 2.584660633088084 0.9372945152956789 3.720775197082846 -0.42604296149803583 0.42604296149803583
3011800.0 41.76645 -78.71864 -0.8804887870959407 -0.1988200486990834 -2.045006215190572 1.2497260203942384 -1.2497260203942384
11098000.0 34.22223 -118.17757 -1.6473661177924053 -0.4544458255979049 -2.2722291279895246 0.511251553797643 -0.511251553797643
10310500.0 39.11324 -119.79824 0.0 -0.374706362769029 0.374706362769029 -0.374706362769029 0.374706362769029
1078000.0 43.56646 -71.74786 1.3349346126938457 0.9372945152956789 1.0793088357950242 0.22722291279895246 -0.22722291279895246
12013500.0 46.65093 -123.65266 -1.1077116998948933 0.9088916511958098 -4.175221022680751 4.090012430381144 -4.090012430381144
5399500.0 44.82191 -90.07958 -1.3917403408935838 -1.1929202921945004 -0.2840286409986906 -1.050905971695155 1.050905971695155
7335700.0 34.63844 -94.61272 0.3692372332982977 -0.7384744665965954 2.130214807490179 -1.022503107595286 1.022503107595286
5057000.0 47.43277 -98.0276 2.10181194339031 3.01070359458612 1.6189632536925362 2.925495002286513 -2.925495002286513
4122500.0 43.94501 -86.27869 -0.056805728199738115 -0.7384744665965954 0.7100716024967264 -1.2781288844941074 1.2781288844941074
2297155.0 27.48726 -82.02342 -0.6248630101971192 0.9372945152956789 -2.130214807490179 1.1077116998948933 -1.1077116998948933
7195800.0 36.25548 -94.43394 0.028402864099869057 -0.11361145639947623 0.2840286409986906 0.2556257768988215 -0.2556257768988215
2479300.0 30.73611 -88.78111 -0.8520859229960717 -0.8520859229960717 0.4544458255979049 -0.7952801947963336 0.7952801947963336
1532000.0 41.70702 -76.48467 2.1870205356899173 1.0793088357950242 3.1243150509855964 -0.056805728199738115 0.056805728199738115
1013500.0 47.23739 -68.58264 1.8461861664914887 1.1645174280946313 0.5396544178975121 0.48284868969777395 -0.48284868969777395
1664000.0 38.53068 -77.8136 1.1077116998948933 -0.08520859229960717 2.1586176715900485 -0.6532658742969882 0.6532658742969882
8189500.0 28.29195 -97.27916 -0.056805728199738115 -0.7384744665965954 -0.11361145639947623 -0.9372945152956789 0.9372945152956789
8109700.0 30.33938 -96.9047 -0.9088916511958098 -0.11361145639947623 -0.7100716024967264 0.0 0.0
2299950.0 27.47365 -82.2112 -0.8236830588962026 1.0793088357950242 -2.8686892740867744 1.7609775741918814 -1.7609775741918814
9497980.0 33.82783 -110.85623 -2.7266749535874295 -2.10181194339031 -2.641466361287822 -1.6189632536925362 1.6189632536925362
13083000.0 42.16583 -113.98361 -0.08520859229960717 -1.5905603895926672 0.48284868969777395 -1.6473661177924053 1.6473661177924053
1118300.0 41.47482 -71.83424 -0.44024439354797035 0.6674673063469229 -2.5704592010381497 1.4911503652431255 -3.195322211235269
11141280.0 35.23553 -120.47239 -0.9656973793955479 -1.2497260203942384 -0.7668773306964645 -0.5680572819973811 0.5680572819973811
1580000.0 39.62997 -76.40331 1.8177833023916197 1.2213231562943694 1.3633374767937148 0.4544458255979049 -0.4544458255979049
9404450.0 37.33943 -112.60438 -1.4769489331931909 -2.016603351090703 -1.2213231562943694 -1.3349346126938457 1.3349346126938457
1052500.0 44.87739 -71.05749 1.533754661392929 1.3917403408935838 0.9372945152956789 0.1420143204993453 -0.1420143204993453
1613050.0 39.89842 -78.13223 0.6816687383968574 0.5396544178975121 0.5964601460972502 0.42604296149803583 -0.42604296149803583
8155200.0 30.29632 -97.92557 1.860387598541423 1.775179006241816 2.0308047831406375 1.6331646857424706 2.911293570236578
5393500.0 45.44913 -89.97931 -0.4544458255979049 -1.2781288844941074 1.2497260203942384 -1.2781288844941074 1.2781288844941074
6221400.0 43.34551 -109.41014 0.7523986105718488 1.3758960574427745 -1.3758960574427745 1.3758960574427745 -1.3758960574427745
14362250.0 42.15401 -123.07532 0.39674463546515004 0.8432555626256006 -0.5837923125869543 0.8432555626256006 -0.5837923125869543
1605500.0 38.63567 -79.33782 -0.14201272932921924 -0.3550318233230481 0.4544407338535016 -0.4544407338535016 -0.4544407338535016
11124500.0 34.59666 -119.90875 -0.511251553797643 0.0 -1.3917403408935838 0.17041718459921434 -0.17041718459921434
7301410.0 35.4731 -100.12095 0.17041718459921434 -1.533754661392929 0.1988200486990834 -1.50535179729306 1.50535179729306
1137500.0 44.26867 -71.63036 1.50535179729306 2.3858405843890007 -1.8745890305913577 3.01070359458612 -3.01070359458612
11284400.0 37.84187 -120.18491 -0.42604296149803583 -0.7384744665965954 -0.22722291279895246 -0.2556257768988215 0.2556257768988215
6878000.0 39.03111 -97.04029 0.9372945152956789 -0.3976400973981668 1.533754661392929 -0.8236830588962026 0.8236830588962026
14138870.0 45.48012 -122.02564 0.22722291279895246 0.4544458255979049 -0.4544458255979049 0.17041718459921434 -0.17041718459921434
3066000.0 39.12705 -79.46838 0.6106615781471847 -0.014201432049934529 1.235524588344304 -0.6390644422470537 1.207121724244435
3488000.0 36.89678 -81.74623 1.1929202921945004 0.4544458255979049 1.4769489331931909 -0.3976400973981668 0.3976400973981668
2177000.0 34.81398 -83.30599 -0.7952801947963336 0.3408343691984287 -2.016603351090703 0.8236830588962026 -0.8236830588962026
7060710.0 35.99535 -92.21265 0.056805728199738115 0.7952801947963336 -0.42604296149803583 1.6473661177924053 -1.6473661177924053
1365000.0 41.86648 -74.4871 2.3006062151333517 2.101788394072445 -1.5337374767555678 1.7609578436823186 -2.6982418572551654
5413500.0 42.72027 -90.81929 0.8520859229960717 1.7041718459921433 -0.7100716024967264 1.7609775741918814 -1.7609775741918814
13011500.0 43.85028 -110.51778 1.1645174280946313 -0.056805728199738115 1.1645174280946313 -0.5680572819973811 0.5680572819973811
12381400.0 47.19549 -113.85065 0.4667537509360906 2.1227345384231624 -1.1620809516915123 2.1227345384231624 -1.1620809516915123
2245500.0 29.97941 -81.85204 0.6532658742969882 -0.3976400973981668 1.533754661392929 -0.9088916511958098 0.9088916511958098
7071500.0 36.64868 -91.20082 1.0793088357950242 -0.1988200486990834 1.8461861664914887 -1.50535179729306 1.50535179729306
7291000.0 31.50306 -90.7775 -0.08520859229960717 -1.3917403408935838 2.2722291279895246 -2.130214807490179 2.130214807490179
12141300.0 47.48594 -121.64788 -0.2982300730486251 1.3491360447437801 -2.400042016438935 2.343236288239197 -2.400042016438935
4122200.0 43.46418 -86.23257 0.4544458255979049 -1.3917403408935838 1.9313947587910958 -2.7266749535874295 2.7266749535874295
2092500.0 35.06417 -77.46139 0.5964601460972502 -0.17041718459921434 1.3917403408935838 -0.22722291279895246 0.22722291279895246
7142300.0 37.87159 -98.87614 1.4769489331931909 -1.3065317485939765 1.533754661392929 -1.8461861664914887 1.8461861664914887
6453600.0 42.81099 -98.17586 -0.1420143204993453 0.3976400973981668 -0.3976400973981668 0.5396544178975121 -0.5396544178975121
6154410.0 47.9661 -108.66071 -0.7314822711435647 0.05352309301050474 -0.9455746431855836 0.802846395157571 -0.802846395157571
8066300.0 30.48139 -94.77972 -0.7384744665965954 -1.8745890305913577 0.08520859229960717 -1.9597976228909648 1.9597976228909648
2059500.0 37.1732 -79.52031 -0.056805728199738115 -1.1645174280946313 1.1077116998948933 -1.3065317485939765 1.3065317485939765
2196000.0 33.7293 -82.18179 0.0 -2.3027363440929864 2.3027363440929864 -2.3027363440929864 2.3027363440929864
7315700.0 34.00426 -97.56697 -1.9029918946912268 -2.8118835458870364 -0.3976400973981668 -2.6698692253876914 2.6698692253876914
3069500.0 39.12288 -79.68117 -0.2556257768988215 0.028402864099869057 -0.3408343691984287 0.2556257768988215 -0.2556257768988215
1632000.0 38.63706 -78.8528 0.7100716024967264 0.11361145639947623 0.9372945152956789 -0.08520859229960717 0.08520859229960717
6464500.0 43.02889 -99.78067 -1.022503107595286 0.5964601460972502 -1.3065317485939765 1.2497260203942384 -1.2497260203942384
8175000.0 29.21525 -97.44943 -0.1420143204993453 0.056805728199738115 -0.08520859229960717 0.22722291279895246 -0.22722291279895246
9492400.0 33.82227 -109.81454 -3.663969468883108 -2.3858405843890007 -2.584660633088084 -0.7100716024967264 0.7100716024967264
6853800.0 39.89925 -98.25043 0.7952801947963336 -1.0793088357950242 0.9656973793955479 -1.5905603895926672 1.5905603895926672
4043050.0 47.22854 -88.38539 -0.6816687383968574 -2.3574377202891315 1.1929202921945004 -1.8461861664914887 1.8461861664914887
3049000.0 40.7159 -79.69949 -0.3692372332982977 0.5964601460972502 -1.3349346126938457 1.1645174280946313 -1.1645174280946313
12358500.0 48.49524 -114.01012 -0.1988200486990834 0.3692372332982977 -1.4769489331931909 1.1645174280946313 -1.1645174280946313
5458000.0 43.03328 -92.50354 0.1988200486990834 0.4544458255979049 0.3408343691984287 0.4544458255979049 -0.4544458255979049
3186500.0 38.379 -80.48397 -1.022503107595286 -1.533754661392929 -0.17041718459921434 -0.1988200486990834 0.1988200486990834
13023000.0 43.14278 -110.97667 0.11361145639947623 -0.42604296149803583 0.7952801947963336 -0.8804887870959407 0.8804887870959407
2464000.0 33.47928 -87.59723 -0.48284868969777395 -0.2556257768988215 0.028402864099869057 0.22722291279895246 -0.22722291279895246
11299600.0 37.96104 -120.6152 0.0 0.6486581250966159 -0.6486581250966159 0.6486581250966159 -0.6486581250966159
1544500.0 41.4759 -77.82582 0.7952801947963336 0.5964601460972502 0.7668773306964645 0.3976400973981668 -0.3976400973981668
1144000.0 43.71424 -72.41815 1.8745890305913577 2.2154233997897865 -0.7384744665965954 2.3290348561892626 -2.3290348561892626
1333000.0 42.70897 -73.19677 1.8461861664914887 2.1586176715900485 -1.3917403408935838 2.2722291279895246 -2.2722291279895246
8050800.0 33.55455 -96.94723 0.6086326215539666 -2.016036503395678 2.194446813430694 -2.016036503395678 2.194446813430694
1440000.0 41.10667 -74.95222 1.3917403408935838 1.4201432049934528 -1.2213231562943694 1.9882004869908338 -1.9882004869908338
2300700.0 27.79197 -82.35204 -0.8804887870959407 -0.511251553797643 -1.2497260203942384 0.028402864099869057 -0.028402864099869057
1139800.0 44.09284 -72.33565 2.41424344848887 0.8520859229960717 2.613063497187953 -0.7100716024967264 0.7100716024967264
3463300.0 35.83151 -82.18429 0.6248630101971192 -0.08520859229960717 1.2781288844941074 -0.8520859229960717 0.8520859229960717
3471500.0 36.76039 -81.63123 0.7668773306964645 -0.1988200486990834 1.2497260203942384 -0.8520859229960717 0.8520859229960717
2178400.0 34.89037 -83.53044 -2.2012959621250596 -0.7811050188185695 -2.9397952526444344 0.2130286414959735 -2.0308730489282807
12447390.0 48.82292 -120.14592 -1.050905971695155 2.016603351090703 -2.4426463125887388 2.584660633088084 -2.584660633088084
3015500.0 41.85256 -79.31727 -1.8461861664914887 0.6816687383968574 -3.6355666047832393 2.2438262638896553 -2.2438262638896553
2310947.0 28.31195 -82.05591 0.9514959473456134 0.6674673063469229 0.7810787627463991 0.3550358012483632 1.207121724244435
5525500.0 40.63004 -87.72392 1.3633374767937148 -0.2556257768988215 2.1870205356899173 -1.1361145639947623 1.1361145639947623
8023080.0 31.97933 -93.93408 0.6816687383968574 -1.1077116998948933 1.1077116998948933 -1.1361145639947623 1.1361145639947623
8066200.0 30.71631 -94.95882 -0.7100716024967264 -0.6816687383968574 -0.5964601460972502 -0.3692372332982977 0.3692372332982977
11224500.0 36.21468 -120.47071 -1.1929202921945004 -0.8946902191458752 -1.0793088357950242 -0.6958701704467919 0.6958701704467919
2312200.0 28.57277 -82.15536 -0.511251553797643 -0.9088916511958098 -0.8236830588962026 -0.5680572819973811 0.5680572819973811
2361000.0 31.34295 -85.61049 -0.3408343691984287 -0.7668773306964645 0.3408343691984287 -0.6248630101971192 0.6248630101971192
12040500.0 47.53786 -124.31575 -2.3574377202891315 -0.48284868969777395 -3.4083436919842867 3.3231350996846793 -3.3231350996846793
10343500.0 39.43157 -120.23798 -1.0793088357950242 -1.1645174280946313 -0.22722291279895246 -0.7384744665965954 0.7384744665965954
1413500.0 42.14481 -74.65349 2.811852040718541 1.9029705730115378 1.2497120180971293 0.6816611007802523 -1.6189451143530993
9512280.0 33.88726 -111.95404 0.6840334115729397 -0.6532658742969882 1.3065317485939765 -0.6532658742969882 1.3065317485939765
2408540.0 32.91679 -86.27025 0.6840334115729397 -0.2840286409986906 0.2840286409986906 -0.2556257768988215 0.2556257768988215
5585000.0 40.02477 -90.63179 -0.3976400973981668 -0.1988200486990834 -0.7668773306964645 -0.11361145639947623 0.11361145639947623
2152100.0 35.49306 -81.68222 -0.4544458255979049 -0.5680572819973811 0.7952801947963336 -0.4544458255979049 0.4544458255979049
14158790.0 44.33457 -122.04701 -1.9597976228909648 0.1988200486990834 -2.8118835458870364 2.584660633088084 -2.584660633088084
1586610.0 39.45189 -76.95531 0.0 0.6352709202580267 -0.6352709202580267 0.6352709202580267 -0.6352709202580267
11476600.0 40.35125 -124.00393 0.0 -0.5964601460972502 1.7609775741918814 -1.8177833023916197 1.8177833023916197
2296500.0 27.37504 -81.79647 -0.22722291279895246 0.7952801947963336 -1.2497260203942384 1.0793088357950242 -1.0793088357950242
12144000.0 47.49288 -121.79011 0.7138495125899715 1.6996416966427892 -1.6996416966427892 1.6316560287770776 -1.6316560287770776
7066000.0 37.15408 -91.35816 1.2781288844941074 0.3124315050985596 2.41424344848887 -1.7041718459921433 1.7041718459921433
6879650.0 39.10195 -96.59521 0.7384744665965954 -1.5621575254927982 2.7834806817871676 -2.10181194339031 2.10181194339031
5129115.0 48.26463 -92.56599 -0.8236830588962026 -1.2781288844941074 -0.17041718459921434 -0.8236830588962026 0.8236830588962026
8082700.0 33.32927 -99.46508 -0.9372945152956789 -0.6816687383968574 -0.7384744665965954 -0.8520859229960717 0.8520859229960717
9312600.0 39.87579 -111.03739 -2.527854904888346 -2.3006319920893934 -1.4201432049934528 -1.5621575254927982 1.5621575254927982
2038850.0 37.41542 -78.63584 0.2840286409986906 -0.8236830588962026 0.7668773306964645 -0.9088916511958098 0.9088916511958098
5556500.0 41.36587 -89.49843 0.48284868969777395 -0.1420143204993453 0.511251553797643 -0.22722291279895246 0.22722291279895246
7167500.0 37.70821 -96.2236 1.1645174280946313 0.3408343691984287 0.9656973793955479 0.3692372332982977 -0.3692372332982977
1620500.0 38.33763 -79.24004 0.1988200486990834 0.5964601460972502 -0.48284868969777395 0.8520859229960717 -0.8520859229960717
1057000.0 44.30399 -70.53968 2.7834806817871676 1.9029918946912268 2.8686892740867744 0.9088916511958098 -0.9088916511958098
9306242.0 39.92025 -108.47287 -2.016603351090703 -3.3515379637845486 -1.50535179729306 -3.4651494201840247 3.4651494201840247
1644000.0 39.01955 -77.57749 1.8745890305913577 0.511251553797643 2.7266749535874295 -0.2840286409986906 0.2840286409986906
6601000.0 42.32158 -96.48768 0.22722291279895246 0.6816687383968574 0.0 1.050905971695155 -1.050905971695155
2017500.0 37.50624 -80.10671 -0.48284868969777395 -0.056805728199738115 0.42604296149803583 -0.3124315050985596 0.3124315050985596
7299670.0 34.35452 -99.74037 -0.6816687383968574 0.2840286409986906 -0.8804887870959407 0.9372945152956789 -0.9372945152956789
1484100.0 38.90578 -75.51275 1.50535179729306 1.4201432049934528 0.511251553797643 1.4485460690933218 -1.4485460690933218
6224000.0 43.1769 -109.20291 0.5680572819973811 -1.1645174280946313 1.7325747100920124 -1.5905603895926672 1.5905603895926672
9480000.0 31.35538 -110.58953 -1.9123531887012017 -1.70481098217549 -1.942002075347732 -1.5269176622963083 1.5269176622963083
10242000.0 37.6722 -113.03467 -1.1361145639947623 -0.8520859229960717 -1.1077116998948933 -0.3408343691984287 0.3408343691984287
6037500.0 44.65687 -111.06827 0.0 0.8108226563707699 -0.8108226563707699 0.8108226563707699 -0.8108226563707699
